21 27 28 33 36 40 44 45 49 50 52 58 62 66 69 71 75 80 83 93 95 101 105 107 108 111 118 121 125 126 134 137 140 147 154 156 163 165 170 172 173 187 189
21 27 28 33 36 40 44 45 49 50 52 58 62 66 69 71 75 80 84 93 95 102 105 107 108 117 121 125 131 137 140 146 154 156 159 166 167 171 172 173 179 187 188
21 27 28 33 36 40 44 45 49 50 52 58 62 66 69 71 75 80 84 93 95 102 105 107 108 117 121 125 131 137 140 146 154 156 159 166 167 171 172 173 187 188
21 27 28 33 36 40 44 45 49 50 52 58 62 66 69 71 75 80 84 93 95 102 105 107 108 117 121 126 134 137 140 146 154 156 166 170 172 173 176 187 189
21 27 28 33 40 45 49 50 53 58 63 64 65 69 71 73 80 83 89 93 95 101 104 107 108 117 119 121 125 129 137 140 147 154 156 166 171 172 173 177 186 188
21 27 28 33 40 45 49 50 53 58 63 64 65 69 71 77 80 85 87 93 95 101 107 108 118 119 121 125 129 137 140 147 150 154 156 165 171 172 173 177 186 188
21 27 28 33 40 45 49 50 53 58 63 64 65 69 71 77 80 85 88 91 93 95 102 107 108 117 120 121 125 129 137 140 146 154 156 159 166 171 172 173 185 188
21 27 28 33 40 45 49 50 53 58 64 65 69 71 73 80 83 91 93 95 97 101 105 107 108 116 117 121 125 129 137 140 147 154 156 166 171 172 173 178 187 188
21 27 28 33 40 45 49 50 53 58 64 65 69 71 73 80 83 91 93 95 101 105 107 108 116 117 121 125 129 137 140 147 154 156 166 171 172 173 177 187 188
21 27 28 33 40 45 49 50 58 64 65 69 71 74 80 83 85 89 93 95 99 101 104 107 108 117 119 121 125 126 129 137 140 147 154 156 166 171 172 173 186 188
21 27 28 33 40 45 49 50 58 64 65 69 71 74 80 83 85 89 93 95 101 104 107 108 117 119 121 125 126 129 137 140 147 154 156 166 171 172 173 186 188
21 27 28 33 41 44 45 49 52 54 58 61 64 69 70 71 80 83 85 93 95 97 103 107 108 113 118 121 125 126 133 137 140 146 151 154 156 160 167 171 172 173 180 182 187
21 27 28 33 41 44 45 49 54 58 62 64 66 69 70 74 76 80 83 93 95 104 105 107 108 117 121 125 127 134 137 140 147 154 156 166 170 172 173 177 187 189
21 27 28 33 41 44 45 49 54 58 62 64 66 69 70 76 80 83 93 95 97 104 105 107 108 117 121 125 127 134 137 140 147 154 156 166 170 172 173 179 181 187 189
21 27 28 33 41 44 45 49 54 58 62 64 66 69 70 76 80 83 93 95 97 104 105 107 108 117 121 125 127 134 137 140 147 154 156 166 170 172 173 181 187 189
21 27 28 33 41 44 45 49 54 58 62 64 66 69 70 76 80 83 93 95 98 104 105 107 108 117 121 125 126 134 137 140 147 154 156 166 170 172 173 179 181 187 189
21 27 28 33 41 44 45 49 54 58 62 64 66 69 70 76 80 83 93 95 98 104 105 107 108 117 121 125 126 134 137 140 147 154 156 166 170 172 173 181 187 189
21 27 28 33 41 44 45 49 54 58 62 64 66 69 70 76 80 83 93 95 102 107 108 111 118 119 121 125 127 134 137 140 149 153 154 156 165 172 173 179 181 186 190
21 27 28 33 41 44 45 49 54 58 62 64 66 69 70 76 80 83 93 95 102 107 108 118 119 121 125 126 134 137 140 149 153 154 156 165 172 173 179 181 186 190
21 27 28 33 41 44 45 49 54 58 62 64 66 69 70 76 80 83 93 95 104 105 107 108 117 121 125 126 134 137 140 147 154 156 166 170 172 173 179 181 187 189
21 27 28 33 41 44 45 49 54 58 62 64 66 69 70 76 80 83 93 95 104 105 107 108 117 121 125 126 134 137 140 147 154 156 166 170 172 173 181 187 189
21 27 28 33 41 44 45 49 54 58 62 64 66 69 70 76 80 83 93 95 104 105 107 108 117 121 125 127 134 137 140 142 147 154 156 166 170 172 173 181 187 189
21 27 28 33 41 44 45 49 54 58 62 64 66 69 70 76 80 83 93 95 104 105 107 108 117 121 125 127 134 137 140 147 154 156 166 170 172 173 177 187 189
21 27 28 33 41 44 45 49 54 58 62 69 70 72 77 80 85 87 89 90 93 95 107 108 110 120 121 125 126 133 137 140 144 146 151 154 156 165 171 172 173 185 188
21 27 28 33 41 44 45 49 54 58 64 66 69 70 73 80 83 93 95 104 105 107 108 111 117 121 125 126 134 137 140 147 154 156 166 170 172 173 181 187 189
21 27 28 33 41 44 45 49 54 58 64 66 69 70 74 76 80 83 93 95 104 105 107 108 112 117 121 125 126 134 137 140 147 154 156 166 170 172 173 181 187 189
21 27 28 33 41 44 45 49 54 58 64 66 69 70 74 76 80 83 93 95 104 105 107 108 112 117 121 125 127 134 137 140 142 147 154 156 166 170 172 173 181 187 189
21 27 28 33 41 44 45 49 54 58 64 66 69 70 74 76 80 83 93 95 104 105 107 108 117 121 125 127 134 137 140 142 147 154 156 166 170 172 173 181 187 189
21 27 28 33 41 44 45 49 54 58 64 66 69 70 76 80 83 93 95 98 104 105 107 108 111 117 121 125 126 134 137 140 147 154 156 166 170 172 173 181 187 189
21 27 28 33 41 44 45 49 54 58 64 66 69 70 76 80 83 93 95 102 107 108 112 118 119 121 125 126 134 137 140 149 153 154 156 165 172 173 179 181 186 190
21 27 28 33 41 44 45 49 54 58 64 66 69 70 76 80 83 93 95 102 107 108 112 118 119 121 125 126 134 137 140 149 153 154 156 165 172 173 181 186 190
21 27 28 33 41 44 45 49 54 58 64 66 69 70 76 80 83 93 95 102 107 108 112 118 119 121 125 134 137 140 142 149 153 154 156 165 172 173 179 181 186 190
21 27 28 33 41 44 45 49 54 58 64 66 69 70 76 80 83 93 95 104 105 107 108 112 117 121 125 126 134 137 140 147 154 156 166 170 172 173 181 187 189
21 27 28 33 41 44 45 49 54 58 64 66 69 70 76 80 83 93 95 104 105 107 108 112 117 121 125 127 134 137 140 142 147 154 156 166 170 172 173 181 187 189
21 27 28 33 41 44 45 49 54 58 64 66 69 70 76 80 83 93 95 104 105 107 108 112 117 121 125 134 137 140 142 147 154 156 166 170 172 173 181 187 189
21 27 28 33 41 44 45 49 54 58 64 66 69 70 76 80 83 93 95 104 105 107 108 117 121 125 127 134 137 140 142 147 154 156 166 170 172 173 181 187 189
21 27 28 33 41 44 45 49 54 58 64 66 69 70 76 80 83 93 95 104 105 107 108 117 121 125 134 137 140 143 147 154 156 159 166 170 172 173 181 187 189
21 27 28 33 41 44 45 49 55 58 65 66 69 70 75 80 85 87 91 93 95 97 102 107 108 110 120 121 125 127 136 137 140 149 153 154 156 159 165 172 173 185 190
21 27 28 33 41 44 45 49 55 58 65 66 69 70 75 80 85 87 91 93 95 97 102 107 108 110 120 121 125 127 136 137 140 149 153 154 156 165 172 173 185 190
21 27 28 33 41 44 45 49 55 58 65 66 69 70 75 80 85 87 91 93 95 97 102 107 108 110 120 121 125 136 137 140 144 149 153 154 156 159 165 172 173 185 190
21 27 28 33 41 44 45 49 55 58 65 66 69 70 75 80 85 87 91 93 95 102 107 108 110 120 121 125 126 136 137 140 149 153 154 156 165 172 173 185 190
21 27 28 33 41 44 45 49 55 58 65 66 69 70 75 80 85 87 91 93 95 102 107 108 110 120 121 125 127 136 137 140 149 153 154 156 159 165 172 173 185 190
21 27 28 33 41 44 45 49 55 58 65 66 69 70 75 80 87 91 93 95 98 102 107 108 110 120 121 125 126 136 137 140 149 153 154 156 165 172 173 179 185 190
21 27 28 33 41 44 45 49 55 58 65 66 69 70 75 80 87 91 93 95 98 102 107 108 110 120 121 125 136 137 140 142 149 153 154 156 160 165 172 173 185 190
21 27 28 33 41 44 45 49 55 58 65 66 69 70 75 80 87 91 93 95 98 102 107 108 110 120 121 125 136 137 140 144 149 153 154 156 159 165 172 173 185 190
21 27 28 33 41 45 49 55 58 63 65 66 69 70 75 80 85 87 91 93 95 96 107 108 117 120 121 125 126 135 137 140 147 154 156 166 170 172 173 185 189
21 27 28 33 41 45 49 55 58 63 65 66 69 70 75 80 85 87 91 93 95 96 107 108 117 120 121 125 127 135 137 140 142 147 154 156 166 170 172 173 185 189
21 27 28 33 41 45 49 55 58 63 65 66 69 70 75 80 85 87 91 93 95 97 102 107 108 110 120 121 125 127 136 137 140 149 153 154 156 165 172 173 185 190
21 27 28 33 41 45 49 55 58 63 65 66 69 70 75 80 85 87 91 93 95 97 102 107 108 110 120 121 125 128 136 137 140 149 153 154 156 165 172 173 185 190
21 27 28 33 41 45 49 55 58 63 65 66 69 70 75 80 85 87 91 93 95 102 107 108 110 120 121 125 126 136 137 140 149 153 154 156 165 172 173 185 190
21 27 28 33 41 45 49 55 58 63 65 66 69 70 75 80 86 87 91 93 95 96 107 108 117 120 121 125 127 135 137 140 142 147 154 156 166 170 172 173 185 189
21 27 28 33 41 45 49 55 58 63 65 66 69 70 75 80 86 87 91 93 95 98 102 107 108 110 120 121 125 126 136 137 140 149 153 154 156 165 172 173 185 190
21 27 28 33 41 45 49 55 58 64 69 70 74 78 80 85 87 90 93 95 96 104 107 108 115 116 121 125 127 135 137 140 142 147 154 156 169 170 172 173 185 189
21 27 28 33 41 45 49 55 58 64 69 70 74 78 80 85 87 90 93 95 97 102 107 108 110 120 121 125 127 136 137 140 149 153 154 156 163 164 172 173 185 190
21 27 28 33 41 45 49 55 58 64 69 70 74 78 80 85 87 90 93 95 102 107 108 110 120 121 125 126 136 137 140 149 153 154 156 163 164 172 173 185 190
21 27 28 33 41 45 49 55 58 64 69 70 74 78 80 85 87 90 93 95 102 107 108 110 120 121 125 127 136 137 140 149 153 154 156 159 163 164 172 173 185 190
21 27 28 33 41 45 49 55 58 64 69 70 74 78 80 85 88 89 93 95 96 104 107 108 119 121 125 126 135 137 140 147 154 156 169 170 172 173 180 183 189
21 27 28 33 41 45 49 55 58 64 69 70 74 78 80 85 88 89 93 95 96 104 107 108 119 121 125 127 135 137 140 142 147 154 156 169 170 172 173 180 183 189
21 27 28 33 41 45 49 55 58 64 69 70 74 78 80 85 88 89 93 95 96 104 107 108 119 121 126 129 132 137 140 147 154 156 158 169 171 172 173 186 188
21 27 28 33 41 45 49 55 58 64 69 70 74 78 80 85 88 89 93 95 96 104 107 108 119 121 127 129 132 137 140 142 147 154 156 158 169 171 172 173 186 188
21 27 28 33 41 45 49 55 58 64 69 70 74 78 80 85 88 89 93 95 96 104 107 108 119 121 127 129 132 137 140 147 154 156 158 159 169 171 172 173 186 188
21 27 28 33 41 45 49 55 58 64 69 70 74 78 80 86 88 89 93 95 96 104 107 108 119 121 125 127 135 137 140 142 147 154 156 169 170 172 173 180 183 189
21 27 28 33 41 45 49 55 58 64 69 70 74 78 80 86 88 89 93 95 96 104 107 108 119 121 125 127 135 137 140 147 154 156 169 170 172 173 177 180 183 189
21 27 28 33 41 45 49 55 58 64 69 70 74 78 80 86 88 89 93 95 96 104 107 108 119 121 125 135 137 140 143 147 154 156 159 169 170 172 173 180 183 189
21 27 28 33 41 45 49 55 58 64 69 70 74 78 80 86 88 89 93 95 96 104 107 108 119 121 127 129 132 137 140 142 147 154 156 158 169 171 172 173 186 188
21 27 28 33 41 45 49 55 58 64 69 70 74 78 80 86 88 89 93 95 96 104 107 108 119 121 127 129 132 137 140 147 154 156 158 159 169 171 172 173 186 188
21 27 28 33 41 45 49 55 58 64 69 70 78 80 86 87 90 93 95 96 104 107 108 112 115 116 121 125 128 135 137 140 142 147 154 156 169 170 172 173 185 189
21 27 28 33 41 45 49 55 58 64 69 70 78 80 86 87 90 93 95 96 104 107 108 115 116 121 125 135 137 140 143 147 154 156 159 169 170 172 173 185 189
21 27 28 33 41 45 49 55 58 64 69 70 78 80 86 88 89 93 95 96 98 104 107 108 119 121 126 129 132 137 140 147 154 156 158 169 171 172 173 186 188
21 27 28 33 41 45 49 55 58 64 69 70 78 80 86 88 89 93 95 96 98 104 107 108 119 121 128 129 132 137 140 142 147 154 156 158 169 171 172 173 186 188
21 27 28 33 41 45 49 55 58 64 69 70 78 80 86 88 89 93 95 96 98 104 107 108 119 121 128 129 132 137 140 147 154 156 158 159 169 171 172 173 186 188
21 27 28 33 41 45 49 55 58 64 69 70 78 80 86 88 89 93 95 96 104 107 108 119 121 125 135 137 140 143 147 154 156 159 169 170 172 173 180 183 189
21 27 28 33 41 45 49 55 58 64 69 70 78 80 86 88 89 93 95 96 104 107 108 119 121 125 135 137 140 147 154 156 160 169 170 172 173 177 180 183 189
21 27 28 33 41 45 49 55 58 64 69 70 78 80 86 88 89 93 95 96 104 107 108 119 121 127 129 132 137 140 142 147 154 156 158 169 171 172 173 186 188
21 27 28 33 41 45 49 55 58 64 69 70 78 80 86 88 89 93 95 96 104 107 108 119 121 127 129 132 137 140 147 154 156 158 159 169 171 172 173 186 188
21 27 28 33 41 45 49 55 58 65 66 69 70 74 75 80 83 93 95 104 105 107 108 112 117 121 125 126 134 137 140 147 154 156 166 170 172 173 180 187 189
21 27 28 33 41 45 49 55 58 65 66 69 70 74 75 80 83 93 95 104 105 107 108 112 117 121 125 127 134 137 140 142 147 154 156 166 170 172 173 180 187 189
21 27 28 33 41 45 49 55 58 65 66 69 70 74 75 80 87 91 93 95 98 102 107 108 110 120 121 125 126 136 137 140 149 153 154 156 160 165 172 173 185 190
21 27 28 33 41 45 49 55 58 65 66 69 70 74 75 80 87 91 93 95 98 102 107 108 110 120 121 125 126 136 137 140 149 153 154 156 165 172 173 185 190
21 27 28 33 41 45 49 55 58 65 66 69 70 74 75 80 87 91 93 95 98 102 107 108 110 120 121 125 136 137 140 149 153 154 156 159 165 172 173 185 190
21 27 28 33 41 45 49 55 58 65 66 69 70 74 75 80 87 91 93 95 98 102 107 108 110 120 121 125 136 137 140 149 153 154 156 165 172 173 177 185 190
21 27 28 33 41 45 49 55 58 65 66 69 70 74 75 80 87 91 93 95 102 107 108 110 112 120 121 125 136 137 140 149 153 154 156 159 165 172 173 185 190
21 27 28 33 41 45 49 55 58 65 66 69 70 74 75 80 87 91 93 95 102 107 108 110 112 120 121 125 136 137 140 149 153 154 156 165 172 173 177 185 190
21 27 28 33 41 45 49 55 58 65 66 69 70 75 80 83 93 95 99 104 105 107 108 112 117 121 125 126 134 137 140 147 154 156 166 170 172 173 180 187 189
21 27 28 33 41 45 49 55 58 65 66 69 70 75 80 83 93 95 99 104 105 107 108 112 117 121 125 127 134 137 140 142 147 154 156 166 170 172 173 180 187 189
21 27 28 33 41 45 49 55 58 65 66 69 70 75 80 83 93 95 104 105 107 108 113 117 121 125 127 134 137 140 142 147 154 156 166 170 172 173 180 187 189
21 27 28 33 41 45 49 55 58 65 66 69 70 75 80 86 87 91 93 95 98 102 107 108 110 120 121 125 126 136 137 140 149 153 154 156 160 165 172 173 185 190
21 27 28 33 41 45 49 55 58 65 66 69 70 75 80 86 87 91 93 95 98 102 107 108 110 120 121 125 126 136 137 140 149 153 154 156 165 172 173 185 190
21 27 28 33 41 45 49 55 58 65 66 69 70 75 80 86 87 91 93 95 98 102 107 108 110 120 121 125 128 136 137 140 149 153 154 156 159 165 172 173 185 190
21 27 28 33 41 45 49 55 58 65 66 69 70 75 80 86 87 91 93 95 98 102 107 108 110 120 121 125 136 137 140 142 149 153 154 156 160 165 172 173 185 190
21 27 28 33 41 45 49 55 58 65 66 69 70 75 80 86 87 91 93 95 98 102 107 108 110 120 121 125 136 137 140 142 149 153 154 156 165 172 173 185 190
21 27 28 33 41 45 49 55 58 65 66 69 70 75 80 86 87 91 93 95 98 102 107 108 110 120 121 125 136 137 140 149 153 154 156 159 165 172 173 185 190
21 27 28 33 41 45 49 55 58 65 66 69 70 75 80 86 87 91 93 95 102 107 108 110 112 120 121 125 136 137 140 142 149 153 154 156 165 172 173 185 190
21 27 28 33 41 45 49 55 58 65 66 69 70 75 80 86 87 91 93 95 102 107 108 110 120 121 125 127 136 137 140 149 153 154 156 159 165 172 173 185 190
21 27 28 33 41 45 49 55 58 65 66 69 70 75 80 86 87 91 93 95 102 107 108 110 120 121 125 136 137 140 143 149 153 154 156 159 165 172 173 185 190
21 27 28 33 41 45 49 55 58 65 66 69 70 75 80 87 91 93 95 99 102 107 108 110 120 121 125 127 136 137 140 149 153 154 156 159 165 172 173 185 190
21 27 28 33 41 45 49 55 58 65 66 69 70 75 80 87 91 93 95 99 102 107 108 110 120 121 125 127 136 137 140 149 153 154 156 165 172 173 177 185 190
21 27 28 33 41 45 49 55 58 65 66 69 70 75 80 87 91 93 95 99 102 107 108 110 120 121 125 136 137 140 143 149 153 154 156 159 165 172 173 185 190
21 27 28 33 41 45 49 55 58 65 66 69 70 75 80 87 91 93 95 99 102 107 108 110 120 121 125 136 137 140 143 149 153 154 156 165 172 173 177 185 190
21 27 28 33 41 45 49 55 58 65 66 69 70 75 80 87 91 93 95 102 107 108 110 113 120 121 125 136 137 140 143 149 153 154 156 159 165 172 173 185 190
21 27 28 33 41 45 49 55 58 65 66 69 70 75 80 87 91 93 95 102 107 108 110 113 120 121 125 136 137 140 143 149 153 154 156 165 172 173 177 185 190
27 28 33 35 41 42 45 49 52 59 61 63 69 73 77 81 83 91 93 98 100 107 109 115 116 121 127 128 137 140 141 148 150 154 156 163 169 170 172 173 186 189
28 34 35 36 41 42 45 49 50 58 60 69 70 76 80 83 90 93 95 100 102 107 108 113 118 121 125 128 131 136 137 140 143 149 154 156 162 165 168 172 173 177 185 189
28 34 35 36 41 42 49 50 58 60 69 70 72 76 80 83 86 90 93 95 102 107 108 112 118 121 125 127 131 136 137 140 144 149 150 154 156 162 165 172 173 181 186 190
28 34 35 36 41 42 49 51 55 58 61 64 69 71 74 76 81 82 85 89 93 96 100 107 109 113 118 122 123 134 135 137 141 143 150 154 157 162 168 172 173 183 187 189
28 34 36 41 43 49 52 53 58 61 69 71 76 81 82 90 93 97 98 101 103 107 109 110 119 122 123 128 129 133 137 141 142 145 152 154 157 164 166 172 173 186 190
28 34 36 41 43 49 52 53 59 61 64 69 72 73 76 81 82 83 90 93 96 101 107 109 116 122 123 128 129 135 137 141 144 150 154 156 170 172 173 177 184 187 189
28 34 36 41 43 50 51 55 59 62 63 69 71 81 82 91 93 96 99 100 104 107 109 111 116 117 122 123 127 130 137 140 146 150 154 156 159 162 170 172 173 186 189
28 34 36 41 43 50 51 55 59 62 63 69 71 81 82 91 93 96 99 100 104 107 109 111 116 119 122 123 127 130 137 140 141 148 154 156 159 162 170 171 172 173 186
28 34 36 41 43 50 51 55 59 62 63 69 71 81 82 91 93 96 99 100 104 107 109 111 116 119 122 123 127 130 137 140 141 148 154 156 159 162 170 171 172 173 187
28 34 36 41 44 45 49 52 59 61 66 70 71 76 81 85 86 94 96 105 107 110 112 116 122 123 126 129 136 137 141 142 148 151 154 156 157 166 170 172 173 179 189
28 34 36 41 44 45 49 52 59 61 66 70 71 76 81 85 86 94 96 105 107 110 112 116 122 123 126 129 136 137 141 142 148 151 154 156 157 166 170 172 173 189
28 34 36 41 44 45 50 51 52 59 62 69 73 74 81 82 84 93 97 102 107 108 110 115 119 121 126 129 137 141 147 154 157 161 167 171 172 173 178 183 187 188
28 34 36 41 44 45 50 51 52 59 62 70 72 77 81 85 90 94 96 102 107 109 113 118 122 123 126 129 134 137 140 141 146 148 154 156 161 168 169 172 173 188 189
28 34 36 42 43 50 53 54 59 62 63 70 71 78 81 83 89 94 95 107 110 111 115 118 122 123 128 135 136 137 140 142 145 151 154 156 160 163 167 172 173 190
28 34 36 42 43 50 53 54 59 62 65 69 73 74 81 83 94 95 104 107 110 112 119 122 124 126 129 135 136 137 140 141 147 148 154 156 159 163 167 172 173 184 189
28 34 36 42 43 50 53 54 59 62 65 69 73 74 81 83 94 95 104 107 110 112 119 122 124 126 129 135 136 137 140 141 147 148 154 156 159 163 167 172 173 190
28 34 36 42 43 50 53 54 59 62 65 70 71 72 81 85 86 93 97 101 107 110 112 118 122 123 129 136 137 142 145 154 157 161 166 172 174 181 188 190
28 34 36 42 43 50 53 54 59 62 65 70 71 78 81 84 88 94 95 107 110 111 118 122 123 127 128 135 136 137 140 142 145 151 154 156 158 164 167 172 173 183 190
28 34 36 42 43 50 53 54 59 62 65 70 71 78 81 84 88 94 95 107 110 111 118 122 123 127 128 135 136 137 140 142 145 151 154 156 158 164 167 172 173 189
28 34 36 42 43 50 53 54 59 62 65 70 71 78 81 84 88 94 95 107 110 111 118 122 123 127 128 135 136 137 140 142 145 151 154 156 158 164 167 172 173 190
28 34 36 42 43 50 53 54 59 62 65 70 71 81 84 88 94 96 104 107 109 116 117 122 123 127 128 135 137 140 142 145 149 154 156 164 167 169 172 173 188 189
28 34 36 42 43 50 53 54 60 62 65 70 72 76 81 83 90 94 95 105 107 109 112 113 120 122 123 126 129 137 140 141 147 149 154 156 160 170 171 172 173 187
28 34 36 42 43 50 53 54 60 62 65 70 73 74 81 84 88 94 95 104 107 109 111 114 122 123 125 131 135 137 140 141 148 152 154 156 161 167 171 172 173 178 188
28 34 36 42 43 50 53 54 60 62 65 70 73 74 81 84 88 94 95 104 107 109 111 114 122 123 125 131 135 137 140 141 148 152 154 156 161 167 171 172 173 181 188
28 34 36 42 43 50 53 54 60 62 65 70 73 74 81 84 88 94 95 104 107 109 111 114 122 123 125 131 135 137 140 141 148 152 154 156 161 167 171 172 173 188
28 34 41 44 45 49 52 53 59 60 69 72 73 75 81 83 90 91 93 96 101 107 109 114 116 122 123 136 137 140 142 148 154 156 161 163 170 171 172 173 178 184 186
28 34 41 45 49 53 54 55 59 60 61 69 72 78 81 83 88 94 95 98 105 107 111 112 114 120 122 124 131 137 140 151 154 156 161 164 166 172 173 176 187 190
28 34 41 49 54 55 59 60 61 69 74 76 77 81 83 85 90 93 98 100 102 105 107 109 117 122 123 133 136 137 142 144 148 149 154 157 164 172 173 186 189
28 34 41 49 54 55 59 60 61 69 74 76 77 81 83 85 90 93 98 100 102 105 107 109 117 122 123 133 136 137 142 144 148 149 154 157 164 172 174 185 190
28 34 42 43 44 45 49 50 58 60 69 70 80 83 88 90 93 95 100 102 107 108 113 118 121 125 128 131 136 137 140 146 149 150 154 156 159 165 172 173 178 186 190
28 34 42 43 44 45 50 54 59 64 66 69 71 76 81 82 86 93 96 99 102 105 107 109 112 117 122 123 133 136 137 141 143 152 154 157 163 166 172 174 177 185 189
28 35 36 41 42 49 51 55 58 61 64 69 71 74 81 82 85 89 93 96 100 101 107 109 113 118 121 125 127 134 137 140 145 151 154 156 166 171 172 173 177 183 187 188
28 35 36 41 42 49 51 55 58 61 64 69 71 74 81 82 85 89 93 96 100 101 107 109 113 118 122 123 134 135 137 141 143 150 154 157 162 168 172 173 177 183 187 189
28 35 36 41 42 49 51 58 61 64 69 70 71 78 80 84 86 89 93 96 100 101 107 109 112 118 122 123 134 137 142 143 146 152 154 157 162 164 168 172 174 188 190
28 35 36 41 42 49 51 58 61 64 69 70 71 78 80 84 86 89 93 96 101 107 109 112 118 121 126 127 130 136 137 141 144 149 150 154 157 162 164 172 173 174 186 190
28 35 36 41 42 49 51 59 60 69 72 77 81 83 87 88 94 95 99 103 107 111 113 115 120 122 125 127 132 137 140 145 147 150 154 156 160 166 170 172 173 187 189
28 35 36 42 45 49 50 58 60 69 70 72 76 80 83 86 90 93 95 102 107 108 112 118 121 125 127 131 136 137 140 144 149 150 154 156 162 165 172 173 177 186 190
28 35 36 42 45 49 50 58 60 69 70 74 78 80 83 85 90 93 95 100 102 107 108 111 120 121 125 126 130 131 137 140 143 150 154 156 169 171 172 173 179 184 188
28 35 36 42 45 50 51 53 59 60 69 71 75 76 78 81 82 86 93 96 98 107 109 111 115 119 120 122 123 133 137 140 148 154 156 160 168 172 173 179 182 188 189
28 35 36 42 45 50 51 55 59 61 63 70 71 73 77 81 83 94 95 100 101 105 107 110 113 117 119 122 124 133 137 140 148 154 156 160 166 172 173 181 187 190
28 35 36 42 45 50 51 55 59 61 63 70 71 73 77 81 83 94 95 105 107 110 113 117 119 122 123 127 133 137 140 145 146 151 154 156 159 165 170 172 173 187 189
28 35 36 42 45 50 51 55 59 61 63 70 71 78 81 84 85 94 95 105 107 110 112 118 119 122 123 128 132 137 140 145 146 151 154 156 158 164 170 172 173 187 189
28 35 36 42 45 50 51 59 61 63 66 70 71 75 76 81 83 86 94 95 104 107 110 112 116 122 123 135 137 140 143 152 154 156 159 163 167 171 172 173 179 183 188
28 35 36 42 45 50 51 59 61 65 69 72 74 77 81 83 87 88 94 95 98 103 107 110 112 116 120 122 123 133 137 140 144 149 154 156 168 172 173 181 187 189
28 35 36 42 45 50 51 59 61 65 70 71 81 84 86 89 94 96 100 101 104 107 110 112 116 122 123 124 132 137 140 144 149 150 154 156 160 170 172 173 181 187 189
35 36 42 44 51 52 55 60 63 64 70 72 78 82 83 88 94 96 102 103 107 109 116 120 122 123 130 134 137 140 143 145 150 154 156 168 171 172 173 183 184 188

